1403636628.063555 0.103216857 0.016197558 0.126554325 0.586687863 0.590458274 0.396721154 -0.386999547
1403636628.113555 0.103708863 0.023469899 0.137100756 0.585928738 0.586311221 0.401478171 -0.389540464
1403636628.163555 0.161392927 0.021262242 0.207874656 0.584137917 0.582536817 0.404826343 -0.394397408
1403636628.213556 0.206544340 0.016169930 0.251763403 0.582268655 0.574807465 0.411301255 -0.401734889
1403636628.263556 0.210938603 0.022782385 0.262744665 0.582107365 0.570050597 0.413377583 -0.406586081
1403636628.313555 0.215485334 0.028902350 0.274550617 0.582637310 0.566125572 0.413519770 -0.411141008
1403636628.363555 0.229775742 0.029332001 0.290562004 0.583186805 0.563764155 0.413426757 -0.413692445
1403636628.413555 0.235828102 0.034545384 0.302404553 0.584156096 0.562547863 0.412396848 -0.415006608
1403636628.463556 0.244678915 0.040435873 0.313627720 0.584753335 0.562062263 0.411234379 -0.415975630
1403636628.513556 0.252108932 0.044982865 0.322558075 0.585244417 0.562114596 0.409954846 -0.416477084
1403636628.563555 0.261257529 0.049903665 0.329342872 0.585815907 0.562246025 0.408464730 -0.416960120
1403636628.613555 0.269968241 0.053659022 0.335153013 0.585970700 0.562699139 0.406933308 -0.417628318
1403636628.663555 0.280234337 0.057061128 0.340758681 0.585689425 0.563250899 0.406424105 -0.417774707
1403636628.713556 0.291119725 0.060332566 0.343779564 0.585312068 0.563986778 0.407681823 -0.416081935
1403636628.763556 0.303975284 0.061984748 0.344851494 0.586310744 0.565079629 0.409051836 -0.411826760
1403636628.813555 0.316683769 0.064505167 0.344394326 0.588303447 0.566183448 0.410423964 -0.406063408
1403636628.863555 0.332034379 0.068165205 0.345694214 0.591138005 0.567018449 0.411106408 -0.400046855
1403636628.913555 0.345371813 0.071662240 0.346242428 0.594283760 0.567460418 0.411179632 -0.394647717
1403636628.963556 0.360141963 0.070989020 0.352072477 0.596838415 0.567707598 0.411392301 -0.390190065
1403636629.013556 0.373093545 0.071641974 0.357772738 0.599442720 0.567523837 0.411024332 -0.386838734
1403636629.063555 0.386053950 0.068239823 0.366899937 0.601564884 0.566384196 0.411627710 -0.384566396
1403636629.113555 0.399004400 0.067630284 0.376906574 0.602932751 0.565528095 0.413079441 -0.382119626
1403636629.163555 0.412245631 0.067762122 0.386414468 0.605572820 0.563011348 0.414599478 -0.380009234
1403636629.213556 0.429347843 0.071208403 0.394373775 0.608299732 0.559287369 0.417261183 -0.378235340
1403636629.263556 0.443169981 0.073264033 0.401740223 0.610615253 0.555384278 0.420215338 -0.376983285
1403636629.313555 0.456949741 0.076172769 0.407844096 0.612968087 0.550919712 0.422707915 -0.376929134
1403636629.363555 0.472911328 0.085943021 0.411812395 0.614942193 0.546837211 0.424572200 -0.377562702
1403636629.413555 0.486793876 0.090770632 0.415287137 0.617111742 0.541868687 0.425892353 -0.379693538
1403636629.463556 0.501283765 0.095806368 0.417383075 0.619978845 0.535595953 0.427996725 -0.381551981
1403636629.513556 0.512679756 0.104915954 0.413474083 0.623664856 0.529674768 0.429791987 -0.381792784
1403636629.563555 0.528308868 0.110346787 0.411571294 0.628615320 0.524480700 0.430959880 -0.379521310
1403636629.613555 0.540478289 0.120296732 0.401083082 0.634142280 0.520574570 0.432729542 -0.373645246
1403636629.663555 0.557763577 0.125948831 0.395152271 0.640810072 0.517147243 0.433632046 -0.365902275
1403636629.713556 0.579161167 0.136221573 0.389362812 0.647503614 0.513410449 0.435014188 -0.357647061
1403636629.763556 0.598225117 0.142663643 0.380954534 0.654230177 0.509030342 0.437134236 -0.348976552
1403636629.813555 0.619285524 0.148856133 0.369187742 0.660777092 0.503183603 0.440100938 -0.341307908
