1403636625.113555 0.185501277 -0.183138043 -0.256613314 0.000500683 -0.018272052 -0.703404546 0.710554600
1403636625.263556 0.063115150 -0.171367705 -0.114856109 0.009973628 -0.005187577 -0.702674687 0.711422503
1403636625.313555 0.054036453 -0.273645550 -0.188664019 0.014479793 0.000043568 -0.704120398 0.709932923
1403636625.563555 0.057956237 0.068798110 0.053840045 0.003134790 -0.017818607 -0.703162432 0.710798979
1403636625.613555 0.046665169 0.075147018 0.094968513 0.002895456 -0.017712181 -0.704023182 0.709950209
1403636625.663555 0.036194254 0.035382953 0.126972675 0.004244269 -0.016225372 -0.704282045 0.709722161
1403636625.713556 0.022099499 -0.057999678 0.153760850 0.007569680 -0.014538077 -0.703067124 0.710934579
1403636625.763556 0.005930737 -0.195590734 0.179527685 0.012587324 -0.010334709 -0.701902568 0.712086737
1403636625.813555 -0.016004749 -0.387314975 0.186513856 0.017507147 -0.006414924 -0.700290143 0.713614762
1403636625.963556 0.048664190 -0.146105379 -0.000415064 0.007521097 -0.011108606 -0.702769995 0.711290598
1403636626.013556 0.039334595 -0.210881576 -0.000466736 0.005854641 -0.011282241 -0.703340530 0.710739434
1403636626.063555 0.025540009 -0.274322659 0.000375891 0.004507444 -0.013072381 -0.701591790 0.712444842
1403636626.113555 0.018966142 -0.339117169 -0.002173689 0.003053119 -0.016550330 -0.699631929 0.714305222
1403636626.163555 0.011689987 -0.388688684 -0.004553919 0.002192823 -0.018763300 -0.696909845 0.716909945
1403636626.213556 0.008509699 -0.450597554 -0.001492111 0.000552855 -0.021871412 -0.694735229 0.718932748
1403636626.263556 -0.003602095 -0.495247662 0.002754041 -0.000803288 -0.022565451 -0.693218946 0.720373213
1403636626.313555 -0.001054876 -0.535811961 0.000537202 -0.002300619 -0.024692601 -0.693469942 0.720058620
1403636626.363555 -0.001008697 -0.558362007 -0.001016865 -0.003577815 -0.025140885 -0.694159567 0.719373047
1403636626.413555 -0.011149950 -0.578255355 -0.016977319 -0.005397879 -0.025075363 -0.695779920 0.717796862
1403636626.463556 -0.009622581 -0.558479607 -0.010407845 -0.003523639 -0.022385931 -0.697401762 0.716322005
1403636626.513556 -0.009084739 -0.599613667 -0.029638419 -0.003033698 -0.021347230 -0.698844552 0.714948535
1403636626.563555 -0.005742535 -0.612505376 -0.033867527 -0.001994268 -0.018982293 -0.702115238 0.711807430
1403636626.613555 0.008292221 -0.615111351 -0.035767436 0.000602666 -0.017125292 -0.704813361 0.709185779
1403636626.663555 0.017980393 -0.616770864 -0.036700729 0.002624573 -0.015646499 -0.707281113 0.706754386
1403636626.713556 0.026173443 -0.617040813 -0.042085789 0.002672684 -0.016663633 -0.708233237 0.705776811
1403636626.763556 0.049065191 -0.555479765 -0.044648755 0.006446754 -0.016650042 -0.707737982 0.706249356
1403636626.813555 0.060064636 -0.550589979 -0.050960537 0.005373566 -0.019686563 -0.707756519 0.706161678
1403636626.863555 0.069247350 -0.543624163 -0.056375235 0.003309204 -0.023175076 -0.707799494 0.706025362
1403636626.913555 0.075071141 -0.530578196 -0.057708129 0.001151597 -0.026004648 -0.708338976 0.705392301
1403636626.963556 0.081094250 -0.516439676 -0.062360965 -0.001686217 -0.028907700 -0.708756149 0.704858959
1403636627.013556 0.113816760 -0.417315453 -0.027935741 0.005642750 -0.026050858 -0.706831574 0.706879556
1403636627.063555 0.121539481 -0.404249251 -0.033285610 0.002972625 -0.028594261 -0.707103252 0.706525624
1403636627.113555 0.130120516 -0.393476963 -0.039136007 0.000233702 -0.032162391 -0.707176089 0.706305504
1403636627.163555 0.138221532 -0.389386147 -0.044076808 0.001532107 -0.031765562 -0.706932545 0.706565619
1403636627.213556 0.144727379 -0.393023938 -0.048997238 0.003268613 -0.030180726 -0.707287073 0.706274271
1403636627.263556 0.135291576 -0.359764069 -0.052163545 0.007276381 -0.025545174 -0.706615329 0.707099199
1403636627.313555 0.140311226 -0.367913753 -0.059084207 0.010049480 -0.023703344 -0.706171632 0.707572460
1403636627.363555 0.146095932 -0.379729897 -0.067530327 0.011096997 -0.023349255 -0.705491245 0.708247006
1403636627.413555 0.150940120 -0.394349605 -0.076856747 0.011347584 -0.023786647 -0.704954267 0.708762944
1403636627.463556 0.157817513 -0.411827117 -0.087250650 0.011756318 -0.023484424 -0.703900933 0.709812462
1403636627.513556 0.151574284 -0.382705569 -0.080414578 0.012229096 -0.020540114 -0.701534569 0.712234378
1403636627.563555 0.157613650 -0.392986506 -0.089549124 0.009257132 -0.019128257 -0.700117350 0.713711441
1403636627.613555 0.164352387 -0.398027718 -0.097356834 0.005260812 -0.017458979 -0.699070573 0.714820087
1403636627.663555 0.170832142 -0.397979170 -0.103134148 0.000535005 -0.017234318 -0.698332727 0.715565503
1403636627.713556 0.177877530 -0.392670512 -0.107673965 -0.006154230 -0.017332576 -0.697330356 0.716513753
1403636627.763556 0.186144307 -0.384895474 -0.110994227 -0.014142368 -0.017817583 -0.696436167 0.717258096
1403636627.813555 0.188601568 -0.359473526 -0.106414020 -0.021337643 -0.016385447 -0.694823980 0.718676448
1403636627.863555 0.197154894 -0.350591242 -0.107588001 -0.029790428 -0.015494482 -0.693439126 0.719732285
1403636627.913555 0.204095751 -0.342025489 -0.107138947 -0.036923639 -0.014783461 -0.692672074 0.720155180
1403636627.963556 0.211454391 -0.338983566 -0.107713416 -0.042529508 -0.013171681 -0.692464888 0.720076442
1403636628.013556 0.219491065 -0.338821948 -0.106301002 -0.046175011 -0.010908460 -0.691867709 0.720463753
1403636628.063555 0.103216857 0.016197558 0.126554325 0.586687863 0.590458274 0.396721154 -0.386999547
1403636628.113555 0.103708863 0.023469899 0.137100756 0.585928738 0.586311221 0.401478171 -0.389540464
1403636628.163555 0.161392927 0.021262242 0.207874656 0.584137917 0.582536817 0.404826343 -0.394397408
1403636628.213556 0.206544340 0.016169930 0.251763403 0.582268655 0.574807465 0.411301255 -0.401734889
1403636628.263556 0.210938603 0.022782385 0.262744665 0.582107365 0.570050597 0.413377583 -0.406586081
1403636628.313555 0.215485334 0.028902350 0.274550617 0.582637310 0.566125572 0.413519770 -0.411141008
1403636628.363555 0.229775742 0.029332001 0.290562004 0.583186805 0.563764155 0.413426757 -0.413692445
1403636628.413555 0.235828102 0.034545384 0.302404553 0.584156096 0.562547863 0.412396848 -0.415006608
1403636628.463556 0.244678915 0.040435873 0.313627720 0.584753335 0.562062263 0.411234379 -0.415975630
1403636628.513556 0.252108932 0.044982865 0.322558075 0.585244417 0.562114596 0.409954846 -0.416477084
1403636628.563555 0.261257529 0.049903665 0.329342872 0.585815907 0.562246025 0.408464730 -0.416960120
1403636628.613555 0.269968241 0.053659022 0.335153013 0.585970700 0.562699139 0.406933308 -0.417628318
1403636628.663555 0.280234337 0.057061128 0.340758681 0.585689425 0.563250899 0.406424105 -0.417774707
1403636628.713556 0.291119725 0.060332566 0.343779564 0.585312068 0.563986778 0.407681823 -0.416081935
1403636628.763556 0.303975284 0.061984748 0.344851494 0.586310744 0.565079629 0.409051836 -0.411826760
1403636628.813555 0.316683769 0.064505167 0.344394326 0.588303447 0.566183448 0.410423964 -0.406063408
1403636628.863555 0.332034379 0.068165205 0.345694214 0.591138005 0.567018449 0.411106408 -0.400046855
1403636628.913555 0.345371813 0.071662240 0.346242428 0.594283760 0.567460418 0.411179632 -0.394647717
1403636628.963556 0.360141963 0.070989020 0.352072477 0.596838415 0.567707598 0.411392301 -0.390190065
1403636629.013556 0.373093545 0.071641974 0.357772738 0.599442720 0.567523837 0.411024332 -0.386838734
1403636629.063555 0.386053950 0.068239823 0.366899937 0.601564884 0.566384196 0.411627710 -0.384566396
1403636629.113555 0.399004400 0.067630284 0.376906574 0.602932751 0.565528095 0.413079441 -0.382119626
1403636629.163555 0.412245631 0.067762122 0.386414468 0.605572820 0.563011348 0.414599478 -0.380009234
1403636629.213556 0.429347843 0.071208403 0.394373775 0.608299732 0.559287369 0.417261183 -0.378235340
1403636629.263556 0.443169981 0.073264033 0.401740223 0.610615253 0.555384278 0.420215338 -0.376983285
1403636629.313555 0.456949741 0.076172769 0.407844096 0.612968087 0.550919712 0.422707915 -0.376929134
1403636629.363555 0.472911328 0.085943021 0.411812395 0.614942193 0.546837211 0.424572200 -0.377562702
1403636629.413555 0.486793876 0.090770632 0.415287137 0.617111742 0.541868687 0.425892353 -0.379693538
1403636629.463556 0.501283765 0.095806368 0.417383075 0.619978845 0.535595953 0.427996725 -0.381551981
1403636629.513556 0.512679756 0.104915954 0.413474083 0.623664856 0.529674768 0.429791987 -0.381792784
1403636629.563555 0.528308868 0.110346787 0.411571294 0.628615320 0.524480700 0.430959880 -0.379521310
1403636629.613555 0.540478289 0.120296732 0.401083082 0.634142280 0.520574570 0.432729542 -0.373645246
1403636629.663555 0.557763577 0.125948831 0.395152271 0.640810072 0.517147243 0.433632046 -0.365902275
1403636629.713556 0.579161167 0.136221573 0.389362812 0.647503614 0.513410449 0.435014188 -0.357647061
1403636629.763556 0.598225117 0.142663643 0.380954534 0.654230177 0.509030342 0.437134236 -0.348976552
1403636629.813555 0.619285524 0.148856133 0.369187742 0.660777092 0.503183603 0.440100938 -0.341307908
