1403636897.401666 0.140968353 0.017413331 -0.099653699 0.003326325 -0.010981914 -0.702212334 0.711875141
1403636897.451667 0.199479908 0.044663109 -0.209247708 -0.004779831 -0.010547352 -0.703260005 0.710838437
1403636897.951667 0.146054447 -0.141216293 -0.115529969 0.012117507 -0.009719341 -0.701494575 0.712505460
1403636898.001667 0.206604749 -0.254190445 -0.186823830 0.017859152 -0.004722359 -0.700681746 0.713234723
1403636898.151666 0.143072262 -0.164819762 -0.025860045 0.011249208 -0.014997534 -0.701278806 0.712640584
1403636898.201667 0.179161459 -0.238963172 -0.041877095 0.013437138 -0.018992061 -0.700755358 0.713022232
1403636898.251667 0.209259659 -0.317287356 -0.039695878 0.013404622 -0.023583345 -0.701435566 0.712216437
1403636898.301666 0.251288146 -0.408829331 -0.041380532 0.013563861 -0.029880669 -0.701667905 0.711748123
1403636898.351666 0.276548803 -0.514984608 -0.048199981 0.011169500 -0.035866369 -0.701186419 0.711987674
1403636898.401666 0.297570020 -0.648478746 -0.053247873 0.008688970 -0.042992804 -0.700933933 0.711876154
1403636898.451667 0.340958983 -0.765525937 -0.056482047 0.010154970 -0.048543878 -0.697704911 0.714666486
1403636898.501667 0.364269555 -0.892062128 -0.036595132 0.008617334 -0.055226170 -0.695650876 0.716202199
1403636898.551666 0.395614296 -1.028188586 -0.020609189 0.007006229 -0.062387027 -0.694285154 0.716956675
1403636898.601666 0.418887854 -1.177112579 -0.003348784 0.003543080 -0.069479316 -0.693701804 0.716894567
1403636898.651666 0.430910498 -1.315729260 -0.001545192 -0.000816509 -0.075608313 -0.692412198 0.717529118
1403636898.751667 0.071066760 -0.103861317 0.007234911 0.008630687 -0.011267453 -0.700866699 0.713151097
1403636898.801666 0.071683705 -0.178747565 0.029856641 0.010485282 -0.010875418 -0.699942946 0.714039028
1403636898.851666 0.074645005 -0.247925907 0.053544637 0.011571571 -0.011250497 -0.698081315 0.715836585
1403636898.901666 0.069236964 -0.288926840 0.074491471 0.014946866 -0.008800937 -0.696801960 0.717053771
1403636898.951667 0.054516837 -0.328815520 0.098296061 0.018064585 -0.005524267 -0.693782270 0.719937027
1403636899.101666 0.086000420 -0.123981722 0.089905575 0.005405171 -0.008275043 -0.697086811 0.716918647
1403636899.201667 0.130283207 -0.236147121 0.180040553 -0.000180286 0.002300272 -0.695505023 0.718517482
1403636899.251667 0.159116119 -0.284911752 0.232165650 -0.001595251 0.012471103 -0.693776667 0.720080435
1403636899.351666 0.100295641 -0.081937224 0.090785958 0.002509765 0.001053520 -0.700522959 0.713624656
1403636899.601666 0.115527458 -0.068844981 0.057342678 -0.009090633 -0.006935314 -0.694436967 0.719462693
1403636899.701667 0.175648525 -0.117868014 0.112403564 -0.019720564 -0.003637154 -0.689768016 0.723752677
1403636899.751667 0.211953580 -0.141648427 0.143737406 -0.024744336 -0.002374105 -0.688837945 0.724489033
1403636899.801666 0.251789510 -0.164359197 0.173865721 -0.029087080 -0.001352040 -0.689264715 0.723924160
1403636899.851666 0.298623741 -0.186640605 0.201881945 -0.032228325 0.000180538 -0.691005647 0.722130537
1403636900.151666 0.112992965 -0.056732789 0.053260665 0.015311883 0.006991293 -0.707644105 0.706368566
1403636900.251667 0.132949680 -0.066756330 0.069473669 0.017733224 0.008588986 -0.708470583 0.705465257
1403636900.301666 0.144511402 -0.083150394 0.072945036 0.016784975 0.006490116 -0.709172904 0.704804897
1403636900.351666 0.154355615 -0.090747505 0.083683454 0.015841335 0.002887276 -0.708741188 0.705284774
1403636900.401666 0.162421420 -0.099519998 0.088196814 0.014233350 -0.000477183 -0.708862782 0.705202699
1403636900.451667 0.194916457 -0.129715130 0.104100704 0.013060791 -0.008509120 -0.708720386 0.705317259
1403636900.501667 0.205685109 -0.142495707 0.113303035 0.012721576 -0.011574487 -0.709257424 0.704739749
1403636900.551666 0.216848612 -0.149858594 0.127599835 0.013463997 -0.013593814 -0.709322631 0.704624236
1403636900.601666 0.230802000 -0.158876702 0.133028641 0.013722238 -0.015824528 -0.709251165 0.704644680
1403636900.651666 0.240338087 -0.169699803 0.143265352 0.012431657 -0.019398227 -0.709458411 0.704370618
1403636900.701667 0.229826048 -0.165698424 0.129227981 0.008680548 -0.020921869 -0.708789110 0.705056727
1403636900.751667 0.240724921 -0.173279464 0.132846758 0.006343229 -0.025452867 -0.708363354 0.705360413
1403636900.801666 0.247032136 -0.177310258 0.141892701 0.005800531 -0.027974410 -0.706693053 0.706943214
1403636900.851666 0.255474895 -0.187292412 0.143256932 0.007248942 -0.028528709 -0.705054641 0.708541811
1403636900.901666 0.265875101 -0.193776935 0.148796409 0.010249570 -0.029125217 -0.701440692 0.712058723
1403636900.951667 0.279220253 -0.200247496 0.159304947 0.013185093 -0.028018650 -0.699549973 0.713912427
1403636901.001667 0.287761956 -0.199161425 0.173249319 0.015794287 -0.026218556 -0.697890818 0.715549827
1403636901.051666 0.300980985 -0.201892525 0.186300933 0.017548298 -0.026022708 -0.696389794 0.716977060
1403636901.101666 0.316978633 -0.204599455 0.202245399 0.019320020 -0.026092531 -0.694567263 0.718694806
1403636901.151666 0.329105586 -0.204914793 0.219862252 0.020172786 -0.025554510 -0.693949282 0.719287395
1403636901.201667 0.340148509 -0.202959910 0.225919023 0.020507798 -0.024173748 -0.694005549 0.719271362
1403636901.251667 0.354875356 -0.201488405 0.248370647 0.020807270 -0.022772094 -0.695379734 0.717980146
1403636901.301666 0.367614955 -0.201754987 0.264494330 0.020960089 -0.020543948 -0.697249591 0.716227353
1403636901.351666 0.382907391 -0.204858527 0.279508561 0.020662824 -0.019173138 -0.698293447 0.715256393
1403636901.401666 0.396950781 -0.212347955 0.292734295 0.019469166 -0.017902205 -0.699637234 0.714008510
1403636901.451667 0.452354729 -0.244412228 0.295989364 0.019189294 -0.020024743 -0.702095389 0.711542547
1403636901.501667 0.474277973 -0.259375870 0.311581999 0.018407553 -0.018837756 -0.704472482 0.709242404
1403636901.551666 0.495327234 -0.269364327 0.327455819 0.017703142 -0.017702816 -0.706226289 0.707543433
1403636901.601666 0.507491231 -0.269658655 0.341188043 0.017936463 -0.015526714 -0.706640184 0.707175255
1403636901.651666 0.539190710 -0.278857619 0.360613763 0.019663168 -0.014389407 -0.707325995 0.706467390
1403636901.701667 0.578736663 -0.297800869 0.371411890 0.020234359 -0.014492876 -0.707875609 0.705898464
1403636901.751667 0.602394402 -0.310224205 0.385512620 0.020752452 -0.015235706 -0.706740797 0.707004011
1403636901.801666 0.623631120 -0.309684306 0.405092001 0.020968424 -0.014366160 -0.707115531 0.706641018
1403636901.851666 0.643435538 -0.309585094 0.419322014 0.020769916 -0.013796984 -0.707446277 0.706327140
1403636901.901666 0.669659734 -0.305191129 0.443666786 0.021612126 -0.013806679 -0.707323909 0.706424236
1403636901.951667 0.686776698 -0.302214384 0.452846825 0.021374615 -0.013628761 -0.708494842 0.705260515
1403636902.001667 0.704565942 -0.298883855 0.469403505 0.021761842 -0.012877477 -0.708922386 0.704833090
1403636902.051666 0.731991410 -0.297516197 0.490946591 0.022526782 -0.013083042 -0.709265113 0.704460323
1403636902.101666 0.754808843 -0.298844188 0.502341986 0.023170689 -0.012611080 -0.709684789 0.704025328
1403636902.151666 0.780208468 -0.299250424 0.523687243 0.023721952 -0.012730406 -0.710175812 0.703509450
1403636902.201667 0.796511889 -0.299020797 0.551603138 0.023047009 -0.010678239 -0.710062861 0.703680038
