1403636625.963556 0.035188276 -0.005145460 0.002171399 0.000292136 -0.000583026 -0.001427283 0.999998808
1403636626.013556 0.053374875 -0.008067887 0.002097806 -0.000774784 -0.001886343 -0.002201583 0.999995530
1403636626.063555 0.070880353 -0.012106628 0.002462452 -0.000472942 -0.004075478 0.000268720 0.999991536
1403636626.113555 0.088781178 -0.014131823 0.001966095 0.000938039 -0.007538766 0.003012341 0.999966621
1403636626.163555 0.102299802 -0.016264983 0.001451849 0.001886713 -0.009670455 0.006805242 0.999928296
1403636626.213556 0.072288476 -0.008644911 -0.001249479 0.007647065 0.003571446 0.016455382 0.999828994
1403636626.263556 0.131659329 -0.020779744 0.003686595 0.002432807 -0.014416453 0.011925359 0.999821961
1403636626.313555 0.095404901 -0.010061220 -0.001384218 0.008110661 -0.000944623 0.017875303 0.999806881
1403636626.363555 0.149508953 -0.020386282 0.002648023 0.002261661 -0.018215721 0.010602515 0.999775290
1403636626.413555 0.107434236 -0.013103068 -0.006778632 0.006131154 -0.003428773 0.014697543 0.999867320
1403636626.463556 0.089866214 -0.008024586 0.000508330 0.007707781 0.004804391 0.014888447 0.999847889
1403636626.513556 0.120608330 -0.016640548 -0.008941078 0.002891888 -0.002656517 0.007785108 0.999962032
1403636626.563555 0.095657073 -0.005892134 0.000025204 0.005876916 0.010844562 0.006228549 0.999904513
1403636626.613555 0.096670777 -0.002078626 -0.000653222 0.006304446 0.013970335 0.002434920 0.999879599
1403636626.663555 0.097413018 0.000526943 -0.001025480 0.006600379 0.016423514 -0.001053565 0.999842763
1403636626.713556 0.093268760 -0.001186331 0.002245569 0.006525627 0.017427828 -0.001178744 0.999826133
1403636626.763556 0.091991626 0.001091684 0.001340312 0.007514842 0.015191479 -0.001664126 0.999854982
1403636626.813555 0.090595990 0.004156108 -0.000198613 0.008900576 0.012284135 -0.001744744 0.999883413
1403636626.863555 0.088646419 0.006710085 -0.001455316 0.009903830 0.008355890 -0.001859601 0.999914348
1403636626.913555 0.085104495 0.008316622 -0.001540989 0.010359749 0.004821532 -0.002668072 0.999931157
1403636626.963556 0.085541137 0.006416595 0.000386485 0.009440236 -0.000495403 -0.003995062 0.999947309
1403636627.013556 0.081640184 0.008486087 -0.000826244 0.009712087 -0.004552203 -0.004327227 0.999933124
1403636627.063555 0.078054726 0.010627134 -0.002198502 0.009602884 -0.008243994 -0.004721798 0.999908745
1403636627.113555 0.075096540 0.013014573 -0.003641546 0.010169116 -0.012709326 -0.004877961 0.999855638
1403636627.163555 0.073896013 0.015276236 -0.005037378 0.010815125 -0.011508917 -0.004543435 0.999864936
1403636627.213556 0.078659087 0.013305138 -0.004039309 0.010100177 -0.009845187 -0.004796297 0.999888957
1403636627.263556 0.080095552 0.014667270 -0.006106478 0.010070912 -0.006060980 -0.005098108 0.999917924
1403636627.313555 0.082266614 0.016025197 -0.008152034 0.010751370 -0.002793104 -0.004497153 0.999928176
1403636627.363555 0.083503723 0.020063190 -0.011766499 0.011920416 -0.001378561 -0.003424054 0.999922156
1403636627.413555 0.087504141 0.021339649 -0.014420499 0.012411820 -0.001504087 -0.002681472 0.999918222
1403636627.463556 0.090377092 0.019419614 -0.014106233 0.011745571 -0.000183210 -0.001069917 0.999930441
1403636627.513556 0.094065331 0.021113487 -0.016788863 0.010325006 -0.001472795 0.000907572 0.999945223
1403636627.563555 0.096763499 0.022724926 -0.019670809 0.007226801 -0.002528801 0.002981647 0.999966264
1403636627.613555 0.098056681 0.024531230 -0.022242436 0.003216401 -0.004127746 0.004544286 0.999975979
1403636627.663555 0.097993962 0.026288984 -0.024137774 -0.000300204 -0.007273464 0.005649442 0.999957561
1403636627.713556 0.095578209 0.027334251 -0.024952441 -0.005186846 -0.011654646 0.007357427 0.999891579
1403636627.763556 0.093394376 0.029610924 -0.026237529 -0.010523026 -0.017596869 0.008620440 0.999752641
1403636627.813555 0.091043346 0.031449746 -0.027254680 -0.016747236 -0.023031449 0.009996737 0.999544501
1403636627.863555 0.088511661 0.033815727 -0.028088350 -0.023383254 -0.028308200 0.011816616 0.999255836
1403636627.913555 0.086139083 0.035727356 -0.028378874 -0.028956106 -0.032798506 0.012738058 0.998961270
1403636627.963556 0.085839592 0.037587631 -0.028836643 -0.033769660 -0.035744954 0.012806608 0.998708129
1403636628.013556 0.085791402 0.039787833 -0.028858852 -0.037950262 -0.036683347 0.013529780 0.998514414
1403636628.063555 0.099562354 0.040879808 -0.023352258 -0.041525982 -0.035275511 0.013692546 0.998420596
