1403636897.401666 0.140968353 0.017413331 -0.099653699 0.003326325 -0.010981914 -0.702212334 0.711875141
1403636897.401666 0.140968353 0.017413331 -0.099653699 0.003326325 -0.010981914 -0.702212334 0.711875141
1403636897.951667 0.146054447 -0.141216293 -0.115529969 0.012117507 -0.009719341 -0.701494575 0.712505460
1403636897.951667 0.146054447 -0.141216293 -0.115529969 0.012117507 -0.009719341 -0.701494575 0.712505460
1403636898.151666 0.143072262 -0.164819762 -0.025860045 0.011249208 -0.014997534 -0.701278806 0.712640584
1403636898.151666 0.143072262 -0.164819762 -0.025860045 0.011249208 -0.014997534 -0.701278806 0.712640584
1403636898.151666 0.143072262 -0.164819762 -0.025860045 0.011249208 -0.014997534 -0.701278806 0.712640584
1403636898.151666 0.143072262 -0.164819762 -0.025860045 0.011249208 -0.014997534 -0.701278806 0.712640584
1403636898.151666 0.143072262 -0.164819762 -0.025860045 0.011249208 -0.014997534 -0.701278806 0.712640584
1403636898.401666 0.297570020 -0.648478746 -0.053247873 0.008688970 -0.042992804 -0.700933933 0.711876154
1403636898.401666 0.311106056 -0.642898083 -0.065229349 0.011251854 -0.041167565 -0.698296547 0.714535236
1403636898.401666 0.311106056 -0.642898083 -0.065229349 0.011251854 -0.041167565 -0.698296547 0.714535236
1403636898.401666 0.311106056 -0.642898083 -0.065229349 0.011251854 -0.041167565 -0.698296547 0.714535236
1403636898.401666 0.311106056 -0.642898083 -0.065229349 0.011251854 -0.041167565 -0.698296547 0.714535236
1403636898.651666 0.430910498 -1.315729260 -0.001545192 -0.000816509 -0.075608313 -0.692412198 0.717529118
1403636898.751667 0.071066760 -0.103861317 0.007234911 0.008630687 -0.011267453 -0.700866699 0.713151097
1403636898.751667 0.071066760 -0.103861317 0.007234911 0.008630687 -0.011267453 -0.700866699 0.713151097
1403636898.751667 0.071066760 -0.103861317 0.007234911 0.008630687 -0.011267453 -0.700866699 0.713151097
1403636898.751667 0.071066760 -0.103861317 0.007234911 0.008630687 -0.011267453 -0.700866699 0.713151097
1403636898.751667 0.071066760 -0.103861317 0.007234911 0.008630687 -0.011267453 -0.700866699 0.713151097
1403636899.101666 0.086000420 -0.123981722 0.089905575 0.005405171 -0.008275043 -0.697086811 0.716918647
1403636899.101666 0.086000420 -0.123981722 0.089905575 0.005405171 -0.008275043 -0.697086811 0.716918647
1403636899.101666 0.086000420 -0.123981722 0.089905575 0.005405171 -0.008275043 -0.697086811 0.716918647
1403636899.351666 0.100295641 -0.081937224 0.090785958 0.002509765 0.001053520 -0.700522959 0.713624656
1403636899.601666 0.115527458 -0.068844981 0.057342678 -0.009090633 -0.006935314 -0.694436967 0.719462693
1403636899.601666 0.115527458 -0.068844981 0.057342678 -0.009090633 -0.006935314 -0.694436967 0.719462693
1403636899.601666 0.115527458 -0.068844981 0.057342678 -0.009090633 -0.006935314 -0.694436967 0.719462693
1403636899.601666 0.115527458 -0.068844981 0.057342678 -0.009090633 -0.006935314 -0.694436967 0.719462693
1403636899.851666 0.298623741 -0.186640605 0.201881945 -0.032228325 0.000180538 -0.691005647 0.722130537
1403636900.151666 0.112992965 -0.056732789 0.053260665 0.015311883 0.006991293 -0.707644105 0.706368566
1403636900.151666 0.112992965 -0.056732789 0.053260665 0.015311883 0.006991293 -0.707644105 0.706368566
1403636900.151666 0.112992965 -0.056732789 0.053260665 0.015311883 0.006991293 -0.707644105 0.706368566
1403636900.151666 0.112992965 -0.056732789 0.053260665 0.015311883 0.006991293 -0.707644105 0.706368566
1403636900.401666 0.162421420 -0.099519998 0.088196814 0.014233350 -0.000477183 -0.708862782 0.705202699
1403636900.401666 0.182101443 -0.115846105 0.100232907 0.014861969 -0.003785027 -0.708938658 0.705103338
1403636900.401666 0.182101443 -0.115846105 0.100232907 0.014861969 -0.003785027 -0.708938658 0.705103338
1403636900.401666 0.182101443 -0.115846105 0.100232907 0.014861969 -0.003785027 -0.708938658 0.705103338
1403636900.401666 0.182101443 -0.115846105 0.100232907 0.014861969 -0.003785027 -0.708938658 0.705103338
1403636900.651666 0.240338087 -0.169699803 0.143265352 0.012431657 -0.019398227 -0.709458411 0.704370618
1403636900.651666 0.221217185 -0.157276481 0.125537142 0.011206216 -0.016933858 -0.709008038 0.704907954
1403636900.651666 0.221217185 -0.157276481 0.125537142 0.011206216 -0.016933858 -0.709008038 0.704907954
1403636900.651666 0.221217185 -0.157276481 0.125537142 0.011206216 -0.016933858 -0.709008038 0.704907954
1403636900.651666 0.221217185 -0.157276481 0.125537142 0.011206216 -0.016933858 -0.709008038 0.704907954
1403636900.901666 0.265875101 -0.193776935 0.148796409 0.010249570 -0.029125217 -0.701440692 0.712058723
1403636900.901666 0.270219028 -0.196281418 0.145620584 0.010117810 -0.029131768 -0.701758802 0.711746812
1403636900.901666 0.270219028 -0.196281418 0.145620584 0.010117810 -0.029131768 -0.701758802 0.711746812
1403636900.901666 0.270219028 -0.196281418 0.145620584 0.010117810 -0.029131768 -0.701758802 0.711746812
1403636900.901666 0.270219028 -0.196281418 0.145620584 0.010117810 -0.029131768 -0.701758802 0.711746812
1403636901.151666 0.329105586 -0.204914793 0.219862252 0.020172786 -0.025554510 -0.693949282 0.719287395
1403636901.151666 0.322236478 -0.199711055 0.218622521 0.020053063 -0.024574446 -0.694335997 0.718951702
1403636901.151666 0.322236478 -0.199711055 0.218622521 0.020053063 -0.024574446 -0.694335997 0.718951702
1403636901.151666 0.322236478 -0.199711055 0.218622521 0.020053063 -0.024574446 -0.694335997 0.718951702
1403636901.151666 0.322236478 -0.199711055 0.218622521 0.020053063 -0.024574446 -0.694335997 0.718951702
1403636901.401666 0.396950781 -0.212347955 0.292734295 0.019469166 -0.017902205 -0.699637234 0.714008510
1403636901.401666 0.433126211 -0.237820104 0.283089548 0.019400090 -0.021863012 -0.699936926 0.713606238
1403636901.401666 0.433126211 -0.237820104 0.283089548 0.019400090 -0.021863012 -0.699936926 0.713606238
1403636901.401666 0.433126211 -0.237820104 0.283089548 0.019400090 -0.021863012 -0.699936926 0.713606238
1403636901.401666 0.433126211 -0.237820104 0.283089548 0.019400090 -0.021863012 -0.699936926 0.713606238
1403636901.651666 0.539190710 -0.278857619 0.360613763 0.019663168 -0.014389407 -0.707325995 0.706467390
1403636901.651666 0.559405267 -0.300431132 0.349191964 0.018781155 -0.016682267 -0.707883060 0.705882788
1403636901.651666 0.559405267 -0.300431132 0.349191964 0.018781155 -0.016682267 -0.707883060 0.705882788
1403636901.651666 0.559405267 -0.300431132 0.349191964 0.018781155 -0.016682267 -0.707883060 0.705882788
1403636901.651666 0.559405267 -0.300431132 0.349191964 0.018781155 -0.016682267 -0.707883060 0.705882788
1403636901.901666 0.669659734 -0.305191129 0.443666786 0.021612126 -0.013806679 -0.707323909 0.706424236
1403636901.901666 0.671955228 -0.292520016 0.433560520 0.022664787 -0.013679224 -0.707426071 0.706291437
1403636901.901666 0.671955228 -0.292520016 0.433560520 0.022664787 -0.013679224 -0.707426071 0.706291437
1403636901.901666 0.671955228 -0.292520016 0.433560520 0.022664787 -0.013679224 -0.707426071 0.706291437
1403636901.901666 0.671955228 -0.292520016 0.433560520 0.022664787 -0.013679224 -0.707426071 0.706291437
1403636902.151666 0.780208468 -0.299250424 0.523687243 0.023721952 -0.012730406 -0.710175812 0.703509450
1403636902.151666 0.777846873 -0.292286724 0.536808312 0.023703864 -0.010738629 -0.709611297 0.704112649
1403636902.151666 0.916744888 -1.470487714 0.279158443 0.553348005 0.599280834 0.389514357 -0.427723080
1403636902.151666 0.916744888 -1.470487714 0.279158443 0.553348005 0.599280834 0.389514357 -0.427723080
