1403636625.113555 0.185501277 -0.183138043 -0.256613314 0.000500683 -0.018272052 -0.703404546 0.710554600
1403636625.263556 0.063115150 -0.171367705 -0.114856109 0.009973628 -0.005187577 -0.702674687 0.711422503
1403636625.263556 0.063115150 -0.171367705 -0.114856109 0.009973628 -0.005187577 -0.702674687 0.711422503
1403636625.563555 0.057956237 0.068798110 0.053840045 0.003134790 -0.017818607 -0.703162432 0.710798979
1403636625.563555 0.057956237 0.068798110 0.053840045 0.003134790 -0.017818607 -0.703162432 0.710798979
1403636625.563555 0.057956237 0.068798110 0.053840045 0.003134790 -0.017818607 -0.703162432 0.710798979
1403636625.563555 0.057956237 0.068798110 0.053840045 0.003134790 -0.017818607 -0.703162432 0.710798979
1403636625.563555 0.057956237 0.068798110 0.053840045 0.003134790 -0.017818607 -0.703162432 0.710798979
1403636625.813555 -0.016004749 -0.387314975 0.186513856 0.017507147 -0.006414924 -0.700290143 0.713614762
1403636625.963556 0.048664190 -0.146105379 -0.000415064 0.007521097 -0.011108606 -0.702769995 0.711290598
1403636625.963556 0.048664190 -0.146105379 -0.000415064 0.007521097 -0.011108606 -0.702769995 0.711290598
1403636625.963556 0.048664190 -0.146105379 -0.000415064 0.007521097 -0.011108606 -0.702769995 0.711290598
1403636625.963556 0.048664190 -0.146105379 -0.000415064 0.007521097 -0.011108606 -0.702769995 0.711290598
1403636625.963556 0.048664190 -0.146105379 -0.000415064 0.007521097 -0.011108606 -0.702769995 0.711290598
1403636626.213556 0.008509699 -0.450597554 -0.001492111 0.000552855 -0.021871412 -0.694735229 0.718932748
1403636626.213556 0.004040387 -0.452995718 -0.001248650 0.000587577 -0.021180278 -0.694530487 0.719151139
1403636626.213556 0.004040387 -0.452995718 -0.001248650 0.000587577 -0.021180278 -0.694530487 0.719151139
1403636626.213556 0.004040387 -0.452995718 -0.001248650 0.000587577 -0.021180278 -0.694530487 0.719151139
1403636626.213556 0.004040387 -0.452995718 -0.001248650 0.000587577 -0.021180278 -0.694530487 0.719151139
1403636626.463556 -0.009622581 -0.558479607 -0.010407845 -0.003523639 -0.022385931 -0.697401762 0.716322005
1403636626.463556 -0.014355920 -0.594432652 -0.034465425 -0.005162205 -0.024427542 -0.695827484 0.717774868
1403636626.463556 -0.014355920 -0.594432652 -0.034465425 -0.005162205 -0.024427542 -0.695827484 0.717774868
1403636626.463556 -0.014355920 -0.594432652 -0.034465425 -0.005162205 -0.024427542 -0.695827484 0.717774868
1403636626.463556 -0.014355920 -0.594432652 -0.034465425 -0.005162205 -0.024427542 -0.695827484 0.717774868
1403636626.713556 0.026173443 -0.617040813 -0.042085789 0.002672684 -0.016663633 -0.708233237 0.705776811
1403636626.713556 0.040855892 -0.560156345 -0.040773138 0.007317217 -0.014364295 -0.707417786 0.706611753
1403636626.713556 0.040855892 -0.560156345 -0.040773138 0.007317217 -0.014364295 -0.707417786 0.706611753
1403636626.713556 0.040855892 -0.560156345 -0.040773138 0.007317217 -0.014364295 -0.707417786 0.706611753
1403636626.713556 0.040855892 -0.560156345 -0.040773138 0.007317217 -0.014364295 -0.707417786 0.706611753
1403636626.963556 0.081094250 -0.516439676 -0.062360965 -0.001686217 -0.028907700 -0.708756149 0.704858959
1403636626.963556 0.106392786 -0.431512952 -0.022959968 0.008300228 -0.022979753 -0.706602395 0.707188845
1403636626.963556 0.106392786 -0.431512952 -0.022959968 0.008300228 -0.022979753 -0.706602395 0.707188845
1403636626.963556 0.106392786 -0.431512952 -0.022959968 0.008300228 -0.022979753 -0.706602395 0.707188845
1403636626.963556 0.106392786 -0.431512952 -0.022959968 0.008300228 -0.022979753 -0.706602395 0.707188845
1403636627.213556 0.144727379 -0.393023938 -0.048997238 0.003268613 -0.030180726 -0.707287073 0.706274271
1403636627.213556 0.130160227 -0.354521781 -0.045424279 0.004631858 -0.028256731 -0.706396341 0.707237065
1403636627.213556 0.130160227 -0.354521781 -0.045424279 0.004631858 -0.028256731 -0.706396341 0.707237065
1403636627.213556 0.130160227 -0.354521781 -0.045424279 0.004631858 -0.028256731 -0.706396341 0.707237065
1403636627.213556 0.130160227 -0.354521781 -0.045424279 0.004631858 -0.028256731 -0.706396341 0.707237065
1403636627.463556 0.157817513 -0.411827117 -0.087250650 0.011756318 -0.023484424 -0.703900933 0.709812462
1403636627.463556 0.145265505 -0.368934512 -0.071441747 0.014169964 -0.020608110 -0.702906609 0.710842311
1403636627.463556 0.145265505 -0.368934512 -0.071441747 0.014169964 -0.020608110 -0.702906609 0.710842311
1403636627.463556 0.145265505 -0.368934512 -0.071441747 0.014169964 -0.020608110 -0.702906609 0.710842311
1403636627.463556 0.145265505 -0.368934512 -0.071441747 0.014169964 -0.020608110 -0.702906609 0.710842311
1403636627.713556 0.177877530 -0.392670512 -0.107673965 -0.006154230 -0.017332576 -0.697330356 0.716513753
1403636627.713556 0.177877530 -0.392670512 -0.107673965 -0.006154230 -0.017332576 -0.697330356 0.716513753
1403636627.713556 0.173646182 -0.375612110 -0.101083800 -0.005086370 -0.016383843 -0.696734011 0.717124403
1403636627.713556 0.173646182 -0.375612110 -0.101083800 -0.005086370 -0.016383843 -0.696734011 0.717124403
1403636627.713556 0.173646182 -0.375612110 -0.101083800 -0.005086370 -0.016383843 -0.696734011 0.717124403
1403636627.963556 0.211454391 -0.338983566 -0.107713416 -0.042529508 -0.013171681 -0.692464888 0.720076442
1403636627.963556 0.211454391 -0.338983566 -0.107713416 -0.042529508 -0.013171681 -0.692464888 0.720076442
1403636628.063555 0.103216857 0.016197558 0.126554325 0.586687863 0.590458274 0.396721154 -0.386999547
1403636628.063555 0.103216857 0.016197558 0.126554325 0.586687863 0.590458274 0.396721154 -0.386999547
1403636628.163555 0.161392927 0.021262242 0.207874656 0.584137917 0.582536817 0.404826343 -0.394397408
1403636628.163555 0.201984257 0.009670468 0.241808817 0.583854198 0.579930604 0.406855196 -0.396564662
1403636628.263556 0.210938603 0.022782385 0.262744665 0.582107365 0.570050597 0.413377583 -0.406586081
1403636628.263556 0.210938603 0.022782385 0.262744665 0.582107365 0.570050597 0.413377583 -0.406586081
1403636628.363555 0.229775742 0.029332001 0.290562004 0.583186805 0.563764155 0.413426757 -0.413692445
1403636628.363555 0.229775742 0.029332001 0.290562004 0.583186805 0.563764155 0.413426757 -0.413692445
1403636628.463556 0.244678915 0.040435873 0.313627720 0.584753335 0.562062263 0.411234379 -0.415975630
1403636628.463556 0.244678915 0.040435873 0.313627720 0.584753335 0.562062263 0.411234379 -0.415975630
1403636628.563555 0.261257529 0.049903665 0.329342872 0.585815907 0.562246025 0.408464730 -0.416960120
1403636628.563555 0.261257529 0.049903665 0.329342872 0.585815907 0.562246025 0.408464730 -0.416960120
1403636628.663555 0.280234337 0.057061128 0.340758681 0.585689425 0.563250899 0.406424105 -0.417774707
1403636628.663555 0.280234337 0.057061128 0.340758681 0.585689425 0.563250899 0.406424105 -0.417774707
1403636628.763556 0.303975284 0.061984748 0.344851494 0.586310744 0.565079629 0.409051836 -0.411826760
1403636628.763556 0.303975284 0.061984748 0.344851494 0.586310744 0.565079629 0.409051836 -0.411826760
1403636628.863555 0.332034379 0.068165205 0.345694214 0.591138005 0.567018449 0.411106408 -0.400046855
1403636628.863555 0.332034379 0.068165205 0.345694214 0.591138005 0.567018449 0.411106408 -0.400046855
1403636628.963556 0.360141963 0.070989020 0.352072477 0.596838415 0.567707598 0.411392301 -0.390190065
1403636628.963556 0.360141963 0.070989020 0.352072477 0.596838415 0.567707598 0.411392301 -0.390190065
1403636628.963556 0.360238165 0.068645105 0.352566004 0.596716344 0.567506433 0.411645472 -0.390402317
1403636629.113555 0.399004400 0.067630284 0.376906574 0.602932751 0.565528095 0.413079441 -0.382119626
1403636629.113555 0.399004400 0.067630284 0.376906574 0.602932751 0.565528095 0.413079441 -0.382119626
1403636629.113555 0.401701510 0.069633648 0.376403093 0.602925122 0.565462887 0.412963480 -0.382353425
1403636629.263556 0.443169981 0.073264033 0.401740223 0.610615253 0.555384278 0.420215338 -0.376983285
1403636629.263556 0.443169981 0.073264033 0.401740223 0.610615253 0.555384278 0.420215338 -0.376983285
1403636629.263556 0.445123404 0.078034468 0.401126653 0.610516012 0.555510461 0.420180827 -0.376996607
1403636629.413555 0.486793876 0.090770632 0.415287137 0.617111742 0.541868687 0.425892353 -0.379693538
1403636629.413555 0.486793876 0.090770632 0.415287137 0.617111742 0.541868687 0.425892353 -0.379693538
1403636629.513556 0.512679756 0.104915954 0.413474083 0.623664856 0.529674768 0.429791987 -0.381792784
1403636629.513556 0.512679756 0.104915954 0.413474083 0.623664856 0.529674768 0.429791987 -0.381792784
1403636629.613555 0.540478289 0.120296732 0.401083082 0.634142280 0.520574570 0.432729542 -0.373645246
1403636629.613555 0.540478289 0.120296732 0.401083082 0.634142280 0.520574570 0.432729542 -0.373645246
1403636629.713556 0.579161167 0.136221573 0.389362812 0.647503614 0.513410449 0.435014188 -0.357647061
1403636629.713556 0.579161167 0.136221573 0.389362812 0.647503614 0.513410449 0.435014188 -0.357647061
1403636629.813555 0.619285524 0.148856133 0.369187742 0.660777092 0.503183603 0.440100938 -0.341307908
