1403636625.113555 0.185501277 -0.183138043 -0.256613314 0.000500683 -0.018272052 -0.703404546 0.710554600
1403636625.263556 0.063115150 -0.171367705 -0.114856109 0.009973628 -0.005187577 -0.702674687 0.711422503
1403636625.263556 0.063115150 -0.171367705 -0.114856109 0.009973628 -0.005187577 -0.702674687 0.711422503
1403636625.563555 0.057956237 0.068798110 0.053840045 0.003134790 -0.017818607 -0.703162432 0.710798979
1403636625.563555 0.057956237 0.068798110 0.053840045 0.003134790 -0.017818607 -0.703162432 0.710798979
1403636625.563555 0.057956237 0.068798110 0.053840045 0.003134790 -0.017818607 -0.703162432 0.710798979
1403636625.563555 0.057956237 0.068798110 0.053840045 0.003134790 -0.017818607 -0.703162432 0.710798979
1403636625.563555 0.057956237 0.068798110 0.053840045 0.003134790 -0.017818607 -0.703162432 0.710798979
1403636625.813555 -0.016004749 -0.387314975 0.186513856 0.017507147 -0.006414924 -0.700290143 0.713614762
1403636625.963556 0.048664190 -0.146105379 -0.000415064 0.007521097 -0.011108606 -0.702769995 0.711290598
1403636625.963556 0.048664190 -0.146105379 -0.000415064 0.007521097 -0.011108606 -0.702769995 0.711290598
1403636625.963556 0.048664190 -0.146105379 -0.000415064 0.007521097 -0.011108606 -0.702769995 0.711290598
1403636625.963556 0.048664190 -0.146105379 -0.000415064 0.007521097 -0.011108606 -0.702769995 0.711290598
1403636625.963556 0.048664190 -0.146105379 -0.000415064 0.007521097 -0.011108606 -0.702769995 0.711290598
1403636626.213556 0.008509699 -0.450597554 -0.001492111 0.000552855 -0.021871412 -0.694735229 0.718932748
1403636626.213556 0.004040387 -0.452995718 -0.001248650 0.000587577 -0.021180278 -0.694530487 0.719151139
1403636626.213556 0.004040387 -0.452995718 -0.001248650 0.000587577 -0.021180278 -0.694530487 0.719151139
1403636626.213556 0.004040387 -0.452995718 -0.001248650 0.000587577 -0.021180278 -0.694530487 0.719151139
1403636626.213556 0.004040387 -0.452995718 -0.001248650 0.000587577 -0.021180278 -0.694530487 0.719151139
1403636626.463556 -0.009622581 -0.558479607 -0.010407845 -0.003523639 -0.022385931 -0.697401762 0.716322005
1403636626.463556 -0.014355920 -0.594432652 -0.034465425 -0.005162205 -0.024427542 -0.695827484 0.717774868
1403636626.463556 -0.014355920 -0.594432652 -0.034465425 -0.005162205 -0.024427542 -0.695827484 0.717774868
1403636626.463556 -0.014355920 -0.594432652 -0.034465425 -0.005162205 -0.024427542 -0.695827484 0.717774868
1403636626.463556 -0.014355920 -0.594432652 -0.034465425 -0.005162205 -0.024427542 -0.695827484 0.717774868
1403636626.713556 0.026173443 -0.617040813 -0.042085789 0.002672684 -0.016663633 -0.708233237 0.705776811
1403636626.713556 0.040855892 -0.560156345 -0.040773138 0.007317217 -0.014364295 -0.707417786 0.706611753
1403636626.713556 0.040855892 -0.560156345 -0.040773138 0.007317217 -0.014364295 -0.707417786 0.706611753
1403636626.713556 0.040855892 -0.560156345 -0.040773138 0.007317217 -0.014364295 -0.707417786 0.706611753
1403636626.713556 0.040855892 -0.560156345 -0.040773138 0.007317217 -0.014364295 -0.707417786 0.706611753
1403636626.963556 0.081094250 -0.516439676 -0.062360965 -0.001686217 -0.028907700 -0.708756149 0.704858959
1403636626.963556 0.106392786 -0.431512952 -0.022959968 0.008300228 -0.022979753 -0.706602395 0.707188845
1403636626.963556 0.106392786 -0.431512952 -0.022959968 0.008300228 -0.022979753 -0.706602395 0.707188845
1403636626.963556 0.106392786 -0.431512952 -0.022959968 0.008300228 -0.022979753 -0.706602395 0.707188845
1403636626.963556 0.106392786 -0.431512952 -0.022959968 0.008300228 -0.022979753 -0.706602395 0.707188845
1403636627.213556 0.144727379 -0.393023938 -0.048997238 0.003268613 -0.030180726 -0.707287073 0.706274271
1403636627.213556 0.130160227 -0.354521781 -0.045424279 0.004631858 -0.028256731 -0.706396341 0.707237065
1403636627.213556 0.130160227 -0.354521781 -0.045424279 0.004631858 -0.028256731 -0.706396341 0.707237065
1403636627.213556 0.130160227 -0.354521781 -0.045424279 0.004631858 -0.028256731 -0.706396341 0.707237065
1403636627.213556 0.130160227 -0.354521781 -0.045424279 0.004631858 -0.028256731 -0.706396341 0.707237065
1403636627.463556 0.157817513 -0.411827117 -0.087250650 0.011756318 -0.023484424 -0.703900933 0.709812462
1403636627.463556 0.145265505 -0.368934512 -0.071441747 0.014169964 -0.020608110 -0.702906609 0.710842311
1403636627.463556 0.145265505 -0.368934512 -0.071441747 0.014169964 -0.020608110 -0.702906609 0.710842311
1403636627.463556 0.145265505 -0.368934512 -0.071441747 0.014169964 -0.020608110 -0.702906609 0.710842311
1403636627.463556 0.145265505 -0.368934512 -0.071441747 0.014169964 -0.020608110 -0.702906609 0.710842311
1403636627.713556 0.177877530 -0.392670512 -0.107673965 -0.006154230 -0.017332576 -0.697330356 0.716513753
1403636627.713556 0.177877530 -0.392670512 -0.107673965 -0.006154230 -0.017332576 -0.697330356 0.716513753
1403636627.713556 0.173646182 -0.375612110 -0.101083800 -0.005086370 -0.016383843 -0.696734011 0.717124403
1403636627.713556 0.173646182 -0.375612110 -0.101083800 -0.005086370 -0.016383843 -0.696734011 0.717124403
1403636627.713556 0.173646182 -0.375612110 -0.101083800 -0.005086370 -0.016383843 -0.696734011 0.717124403
1403636627.963556 0.211454391 -0.338983566 -0.107713416 -0.042529508 -0.013171681 -0.692464888 0.720076442
1403636627.963556 0.211454391 -0.338983566 -0.107713416 -0.042529508 -0.013171681 -0.692464888 0.720076442
