1403636625.863555 0.064390823 0.003074981 0.024331562 0.547611356 0.600381553 0.397569984 0.426147729
1403636625.963556 0.057794940 0.015906841 0.056908280 0.546861053 0.601527035 0.397683054 0.425389707
1403636626.213556 0.053194802 0.024206778 0.093106687 0.552718461 0.592786014 0.387854189 0.438948900
1403636626.463556 0.053027742 0.031520646 0.109198056 0.551272035 0.593154192 0.389168173 0.439107448
1403636626.713556 0.059582837 0.034820430 0.111936480 0.537098765 0.596090257 0.403629005 0.439641863
1403636626.963556 0.067586407 0.031241972 0.105294637 0.541357875 0.606501997 0.393312484 0.429409146
1403636627.213556 0.075042620 0.025449641 0.100269109 0.544280887 0.611152470 0.388114512 0.423813671
1403636627.463556 0.081468910 0.020194247 0.114660949 0.541998386 0.605673492 0.390846133 0.432014734
1403636627.713556 0.089989692 0.012277586 0.123149559 0.558813095 0.599191904 0.391123384 0.419189006
1403636627.963556 0.100863129 0.006369225 0.115280673 0.583194733 0.594399750 0.392299205 0.390735477
